9263
6090
2442
4587
9448
9107
4872
4673
3955
8713
9286
230
6764
8648
4175
7751
2138
3153
6316
3491
4103
6649
5059
5496
9467
1615
8600
9726
5246
4266
7319
3508
7552
4329
4756
4635
1812
8104
5280
319
4569
9285
207
2068
585
575
7977
7832
292
1690
1222
9655
2411
6369
1337
8676
9429
2124
4512
1860
3073
7438
5466
6980
4899
9635
4076
2391
5147
1968
8370
1158
367
4627
8106
8190
5784
948
902
6230
7443
5265
1505
9531
6028
3404
4859
4516
7711
5160
8692
670
3439
5283
1104
2379
4252
8286
7700
8021
5541
442
6009
9637
6154
4367
7528
7236
6980
1356
8237
5236
2360
2454
5283
2165
5349
9974
5515
7910
6581
4039
4223
3498
2925
5322
6841
845
3108
5162
4961
175
7420
2512
6561
6281
2199
3755
4314
2697
7735
5281
8297
9680
5981
7118
4707
4479
9713
3982
5334
8676
5761
9317
1585
7725
7906
268
567
6275
3750
7050
2177
7675
8212
8232
6743
7755
7781
5909
8759
9546
1210
5452
2551
9505
4656
4782
9309
1589
4605
9404
5885
1317
214
6659
3443
4113
6379
6376
3942
1850
8000
6910
3705
1278
1469
804
3339
9868
4958
9356
5460
1041
1146
4358
7148
9348
8774
4568
9234
961
2708
9008
5636
4467
9393
7792
9566
4763
8379
2072
6332
6272
904
6212
8755
8526
2001
6034
3445
2562
6637
119
9492
5953
4937
1057
8058
195
3102
4754
2548
8009
7924
4375
1124
8452
2975
8385
8792
8300
5381
8374
491
9650
4265
3565
3020
858
1484
8060
2823
4002
5263
7295
7569
3199
2715
9690
1185
7402
7777
3760
476
6593
6766
2568
4112
4820
339
8259
3783
299
1555
5078
5280
449
4064
8360
952
6776
7732
5539
2722
8089
9439
7799
1133
5879
8487
6449
4323
307
235
8854
8744
1392
6845
6376
6277
8938
9489
5616
4453
9109
6100
8167
9931
9311
9996
7937
3328
4792
100
5743
1469
9552
9679
670
7821
4894
3791
4452
3977
8904
530
5835
2985
7811
1039
1493
9799
2443
1088
6219
984
156
2808
9519
6860
9536
4486
5024
6410
8818
8255
3906
4062
7855
3319
5201
4154
8926
6556
2497
6254
4959
8692
5998
2241
3597
9273
9547
4440
1711
6641
2396
4997
5961
3001
9692
7489
6809
5405
4535
6416
5168
7852
8769
4207
5785
9630
3320
8393
5130
5974
1405
5731
5741
1070
6575
9987
7648
6342
8610
8038
4049
1081
3152
2562
4189
6288
4777
6138
5348
7408
920
4491
4428
8852
2584
9633
2781
2398
5404
1886
9115
4573
7527
5475
7597
9386
8187
5019
800
8491
3365
4336
9520
5323
878
8487
8611
9871
6737
547
9578
8129
1959
9995
7178
3010
4593
7469
7808
6394
4139
5388
2737
9096
7145
8922
7596
3581
6677
3878
5520
7674
5227
2030
4482
3589
7475
6308
7348
4969
1637
9960
5350
6865
8729
5883
2723
931
5638
7380
754
4756
9983
5258
2804
8996
4448
6698
7660
6014
6658
1813
2611
7129
8018
14
1215
1248
8317
7370
6835
4569
7100
8128
5429
7843
5226
9816
5459
4714
9214
8717
9937
5403
3100
9613
925
5352
8688
3520
1445
131
2315
9378
1759
3443
9747
2486
3117
7645
8606
48
7243
1569
3363
1275
2931
3757
8418
5280
5793
1404
5887
9365
8937
7874
9469
8048
2811
8579
2404
1182
9571
9361
3809
2112
6724
7896
824
1263
8237
3908
7979
5650
9890
6983
7953
4371
3440
6353
2039
1854
6974
7593
8490
2170
8154
6009
4309
2169
3768
5416
5148
4873
9611
1282
10000
1983
7334
9041
2910
1978
5306
9182
177
3494
8684
476
8666
9413
3226
1937
5662
306
3959
2462
723
6802
8952
4362
9424
8976
2806
2143
5125
8188
808
9403
5
7644
72
8906
6359
3843
2051
9219
6188
5800
2338
8606
8980
3207
4261
4389
1840
822
5606
46
1425
2542
7491
1227
4675
9722
3575
1440
8409
8016
9071
5161
5456
6518
2369
1043
3518
8735
6063
152
377
6225
9634
1565
5671
2276
8917
958
83
7968
6220
2755
6224
2404
1333
5176
1224
3663
4154
5056
2479
2844
3613
1716
8857
3124
2512
9782
4912
1423
2953
2229
3928
9423
2513
6623
3827
9809
9626
3102
4872
7763
9811
7247
536
4289
6214
5905
4558
8624
8678
1989
9732
9254
7491
1469
9471
7400
5831
5142
7420
1380
6926
1427
8327
8513
6280
5517
1212
2523
5042
4323
1178
995
1416
4777
8637
6478
3284
5255
8263
4815
3977
9737
395
7347
9500
2704
5247
592
482
7626
4347
6615
9471
1168
9059
7373
1164
4287
2254
274
7049
5051
6003
1945
6103
6033
4566
6614
8050
3548
6378
4895
7988
7383
7470
5170
8292
4237
1038
1739
2369
9590
5013
8601
5573
7770
1713
9941
1110
3109
5198
1949
9819
7757
8611
465
4183
2954
4123
717
7135
3840
8036
6050
1416
9218
8921
8376
6824
2542
818
4541
8211
1068
7944
8014
4108
4323
6799
2536
9609
8070
2813
9005
8419
7736
867
900
2967
1238
5278
2379
5716
4032
3813
2296
9590
5991
8985
8122
6301
4543
225
3613
6353
9200
9268
9542
183
4480
9121
4657
1942
2340
7715
7997
2596
3982
2236
1066
8559
7582
1728
564
8945
4857
3989
7511
7874
4853
976
987
734
8222
6080
6319
3588
2338
9544
5120
5676
7554
8228
6750
5972
7424
5310
3875
519
923
9350
9625
795
4167
8604
9362
4244
8345
6045
9388
6115
9952
2411
9653
29
6165
713
6317
6752
8826
1686
7615
5594
2756
26
838
366
3155
3407
3336
821
3795
9565
4770
7814
9026
8980
4512
890
5076
8446
5237
6455
1107
7899
3255
4321
7701
96
5033
6359
8869
4073
2414
2006
6960
5592
8236
3045
5802
348
2858
7084
3517
4659
8969
9315
3131
4401
188
8505
2273
959
5241
8548
1439
5699
3826
537
4337
8721
6509
7887
9724
2298
1343
8786
7465
823
363
6298
99
6814
9197
721
1638
2737
6805
1059
7191
3165
6909
2072
